# {"t_start": 1596885881.4413285, "env_id": "MountainCar-v0"} 
r,l,t
-200.0,200,12.959499
-200.0,200,13.365852
-200.0,200,13.75506
-200.0,200,14.137294
-200.0,200,14.524636
-200.0,200,27.637539
-200.0,200,39.844631
-200.0,200,50.831913
-200.0,200,62.237244
-200.0,200,73.086882
-200.0,200,85.230028
-200.0,200,97.884428
-200.0,200,111.218918
-200.0,200,124.476259
-200.0,200,137.644928
-200.0,200,150.04708
-200.0,200,163.119004
-200.0,200,176.564583
-200.0,200,189.738518
-200.0,200,202.943216
-200.0,200,215.468661
-200.0,200,228.453439
-200.0,200,241.444549
-200.0,200,254.390319
-200.0,200,267.060843
-200.0,200,280.360264
-200.0,200,293.956519
-200.0,200,306.828962
-200.0,200,319.59413
-200.0,200,331.880625
-200.0,200,345.474535
-200.0,200,357.826622
-200.0,200,370.853817
-200.0,200,383.866486
-200.0,200,397.026519
-200.0,200,409.880399
-200.0,200,423.073202
-200.0,200,436.238978
-200.0,200,449.602225
-200.0,200,462.266851
-200.0,200,475.052942
-200.0,200,488.064196
-200.0,200,501.477046
-200.0,200,514.025118
-200.0,200,527.116251
-200.0,200,540.305527
-200.0,200,552.881432
-200.0,200,565.3364
-200.0,200,578.05175
-200.0,200,591.027923
-200.0,200,604.100322
-200.0,200,616.365052
-200.0,200,630.224283
-200.0,200,643.440195
-200.0,200,656.331447
-200.0,200,668.07205
-200.0,200,681.25254
-200.0,200,693.461544
-200.0,200,705.963203
-200.0,200,719.185039
-200.0,200,731.844361
-200.0,200,743.762163
-200.0,200,757.047094
-200.0,200,770.110476
-200.0,200,783.165463
-200.0,200,796.554865
-200.0,200,808.599544
-200.0,200,820.376268
-200.0,200,832.739958
-200.0,200,846.009335
-200.0,200,859.39626
-200.0,200,872.272668
-200.0,200,885.989528
-200.0,200,899.013064
-200.0,200,911.26033
-200.0,200,923.641968
-200.0,200,936.783949
-200.0,200,950.449923
-200.0,200,963.868567
-200.0,200,976.733908
-200.0,200,989.618754
-200.0,200,1002.437988
-200.0,200,1015.171021
-200.0,200,1027.924114
-200.0,200,1040.239635
-200.0,200,1053.856968
-200.0,200,1066.282644
-200.0,200,1079.109313
-200.0,200,1091.48999
-200.0,200,1103.836341
-200.0,200,1117.028249
-200.0,200,1129.999913
-200.0,200,1143.671033
-200.0,200,1156.009422
-200.0,200,1168.827158
-200.0,200,1181.787871
-200.0,200,1194.388796
-200.0,200,1208.083255
-200.0,200,1221.477709
-200.0,200,1234.57861
-200.0,200,1247.491424
-200.0,200,1260.269189
-200.0,200,1272.919596
-200.0,200,1285.786309
-200.0,200,1298.183987
-200.0,200,1311.351972
-200.0,200,1324.579002
-200.0,200,1338.111152
-200.0,200,1351.14199
-200.0,200,1364.223556
-200.0,200,1376.785521
-200.0,200,1389.549871
-200.0,200,1402.943089
-200.0,200,1415.406091
-200.0,200,1427.8809
-200.0,200,1440.624458
-200.0,200,1453.458336
-200.0,200,1466.553838
-200.0,200,1479.462314
-200.0,200,1493.03125
-200.0,200,1506.423179
-200.0,200,1519.377491
-200.0,200,1531.864539
-200.0,200,1544.384921
-200.0,200,1557.047787
-200.0,200,1570.741292
-200.0,200,1583.123953
-200.0,200,1595.667981
-200.0,200,1608.15606
-200.0,200,1621.661523
-200.0,200,1634.444832
-200.0,200,1647.502559
-200.0,200,1660.229971
-200.0,200,1672.677854
-200.0,200,1684.634248
-200.0,200,1697.443936
-200.0,200,1711.13429
-200.0,200,1724.11312
-200.0,200,1737.098488
-200.0,200,1749.018568
-200.0,200,1761.383092
-200.0,200,1774.971617
-200.0,200,1787.501459
-200.0,200,1800.631289
-200.0,200,1813.672326
-200.0,200,1827.043468
-200.0,200,1840.931876
-200.0,200,1854.038137
-200.0,200,1866.545173
-200.0,200,1879.326901
-200.0,200,1891.489469
-200.0,200,1904.024322
-200.0,200,1917.850085
-200.0,200,1930.487632
-200.0,200,1942.301414
-200.0,200,1955.564554
-200.0,200,1968.456827
-200.0,200,1981.528708
-200.0,200,1994.84937
-200.0,200,2006.696683
-200.0,200,2020.056019
-200.0,200,2032.458392
-200.0,200,2045.106571
-200.0,200,2057.521498
-200.0,200,2070.541035
-200.0,200,2083.257544
-200.0,200,2095.641312
-200.0,200,2108.887397
-200.0,200,2121.736502
-200.0,200,2134.269734
-200.0,200,2146.754646
-200.0,200,2160.077096
-200.0,200,2172.912933
-200.0,200,2186.359623
-200.0,200,2199.086995
-200.0,200,2212.225384
-200.0,200,2225.554955
-157.0,157,2236.420678
-200.0,200,2249.861115
-200.0,200,2263.204701
-200.0,200,2276.681537
-200.0,200,2289.618332
-168.0,168,2300.714151
-200.0,200,2313.456613
-200.0,200,2326.435755
-200.0,200,2339.126392
-200.0,200,2352.095689
-200.0,200,2365.008705
-200.0,200,2377.525954
-200.0,200,2390.642399
-200.0,200,2403.411535
-200.0,200,2416.03937
-200.0,200,2429.323752
-200.0,200,2442.077259
-200.0,200,2454.612769
-200.0,200,2467.742949
-200.0,200,2481.2812
-162.0,162,2492.112051
-200.0,200,2505.34552
-197.0,197,2518.573829
-200.0,200,2532.033016
-200.0,200,2544.996709
-200.0,200,2557.828979
-200.0,200,2571.060688
-200.0,200,2584.614436
-200.0,200,2596.873225
-200.0,200,2608.653062
-200.0,200,2621.680966
-200.0,200,2634.43954
-131.0,131,2643.644853
-200.0,200,2656.351066
-200.0,200,2669.945647
-200.0,200,2683.367163
-200.0,200,2694.967048
-200.0,200,2707.855143
-200.0,200,2720.409982
-200.0,200,2733.910437
-200.0,200,2745.591333
-200.0,200,2758.838964
-200.0,200,2770.897866
-200.0,200,2783.561399
-200.0,200,2796.758811
-200.0,200,2809.235339
-200.0,200,2821.667376
-200.0,200,2834.127986
-200.0,200,2846.4428
-200.0,200,2859.517329
-200.0,200,2872.957814
-200.0,200,2885.742818
-200.0,200,2897.487128
-200.0,200,2909.414763
-200.0,200,2922.451264
-200.0,200,2934.89852
-156.0,156,2945.74999
-200.0,200,2958.574616
-160.0,160,2968.893368
-119.0,119,2976.43182
-200.0,200,2989.330361
-200.0,200,3002.229628
-200.0,200,3014.382531
-200.0,200,3026.385915
-200.0,200,3039.36977
-200.0,200,3052.706397
-200.0,200,3065.65501
-200.0,200,3077.932582
-200.0,200,3091.181547
-200.0,200,3103.385287
-200.0,200,3117.11746
-200.0,200,3130.266544
-200.0,200,3143.201108
-200.0,200,3155.633581
-200.0,200,3169.016214
-200.0,200,3181.804264
-200.0,200,3194.83593
-200.0,200,3207.851946
-113.0,113,3214.881578
-200.0,200,3227.905302
-200.0,200,3240.72787
-169.0,169,3251.516663
-200.0,200,3264.015335
-200.0,200,3276.846366
-200.0,200,3289.711752
-200.0,200,3302.551262
-200.0,200,3315.086692
-200.0,200,3327.620526
-200.0,200,3340.103348
-200.0,200,3352.145842
-200.0,200,3364.374107
-200.0,200,3377.626213
-200.0,200,3390.998081
-200.0,200,3403.749897
-200.0,200,3416.723423
-200.0,200,3428.825577
-200.0,200,3441.559316
-200.0,200,3453.736494
-200.0,200,3466.3738
-200.0,200,3479.48833
-200.0,200,3492.340405
-200.0,200,3504.919509
-200.0,200,3517.142423
-200.0,200,3529.301479
-200.0,200,3541.516275
-200.0,200,3553.995699
-200.0,200,3565.639409
-200.0,200,3578.288423
-200.0,200,3590.787254
-200.0,200,3603.304553
-200.0,200,3616.515263
-200.0,200,3628.817058
-200.0,200,3641.162805
-200.0,200,3653.874506
-200.0,200,3667.220697
-200.0,200,3680.050231
-200.0,200,3692.575407
-200.0,200,3704.496515
-200.0,200,3717.887506
-200.0,200,3730.657241
-130.0,130,3739.161247
-200.0,200,3751.730152
-200.0,200,3764.215409
-200.0,200,3777.315817
-200.0,200,3790.518956
-200.0,200,3803.193733
-200.0,200,3815.366079
-200.0,200,3828.073806
-200.0,200,3841.296072
-200.0,200,3854.065297
-200.0,200,3867.47014
-200.0,200,3880.635078
-200.0,200,3893.286203
-183.0,183,3903.499804
-200.0,200,3916.506266
-200.0,200,3929.461469
-200.0,200,3941.874937
-200.0,200,3954.570324
-200.0,200,3966.810117
-200.0,200,3980.311015
-200.0,200,3992.780057
-200.0,200,4005.366257
-200.0,200,4018.000523
-200.0,200,4029.739224
-200.0,200,4042.195539
-200.0,200,4055.727341
-200.0,200,4068.441741
-200.0,200,4080.600826
-200.0,200,4093.78132
-200.0,200,4106.63148
-200.0,200,4119.307301
-200.0,200,4131.520278
-200.0,200,4144.542246
-200.0,200,4157.60599
-200.0,200,4169.832726
-200.0,200,4182.746192
-200.0,200,4194.879728
-184.0,184,4206.652601
-200.0,200,4218.190332
-186.0,186,4230.331179
-200.0,200,4242.764258
-200.0,200,4255.368504
-200.0,200,4267.086231
-200.0,200,4279.092724
-200.0,200,4292.223556
-200.0,200,4304.764232
-200.0,200,4317.500102
-200.0,200,4329.90948
-200.0,200,4343.251092
-200.0,200,4355.916651
-200.0,200,4367.548313
-200.0,200,4379.322709
-140.0,140,4387.909176
-193.0,193,4399.60587
-177.0,177,4411.084242
-200.0,200,4423.406007
-200.0,200,4437.139659
-200.0,200,4450.464998
-200.0,200,4463.17365
-200.0,200,4476.405978
-200.0,200,4490.082462
-196.0,196,4502.317545
-182.0,182,4514.400446
-200.0,200,4527.140595
-200.0,200,4539.842455
-200.0,200,4552.643214
-200.0,200,4565.423664
-200.0,200,4577.918694
-200.0,200,4591.073531
-200.0,200,4603.280185
-200.0,200,4616.011628
-200.0,200,4628.06293
-200.0,200,4640.233392
-200.0,200,4652.9815
-200.0,200,4666.202214
-200.0,200,4679.394702
-200.0,200,4690.675484
-200.0,200,4703.017332
-200.0,200,4715.075159
-200.0,200,4727.523772
-200.0,200,4740.295184
-200.0,200,4753.025108
-200.0,200,4765.413523
-200.0,200,4777.119205
-200.0,200,4789.659463
-200.0,200,4802.66838
-200.0,200,4816.014138
-200.0,200,4828.863024
-200.0,200,4841.954692
-200.0,200,4853.550985
-200.0,200,4866.690232
-200.0,200,4879.280848
-200.0,200,4892.309556
-200.0,200,4904.489553
-200.0,200,4917.172013
-200.0,200,4930.742723
-200.0,200,4943.530231
-200.0,200,4956.962157
-200.0,200,4969.46752
-200.0,200,4982.288646
-200.0,200,4994.309661
-200.0,200,5005.975295
-200.0,200,5018.807204
-200.0,200,5031.369476
-200.0,200,5044.381837
-200.0,200,5057.104707
-200.0,200,5069.631912
-200.0,200,5081.664485
-200.0,200,5093.605669
-200.0,200,5106.078091
-200.0,200,5118.998157
-200.0,200,5131.561906
-200.0,200,5144.503708
-200.0,200,5157.185895
-200.0,200,5170.746052
-200.0,200,5184.130738
-200.0,200,5197.000376
-200.0,200,5209.492155
-200.0,200,5221.355946
-200.0,200,5234.48545
-152.0,152,5243.82411
-167.0,167,5254.152066
-115.0,115,5261.350875
-198.0,198,5273.154091
-200.0,200,5286.000707
-200.0,200,5298.091043
-194.0,194,5309.440841
-200.0,200,5322.358737
-200.0,200,5335.423393
-200.0,200,5348.504652
-140.0,140,5357.263729
-200.0,200,5369.941675
-103.0,103,5376.592088
-119.0,119,5384.134714
-200.0,200,5396.818626
-200.0,200,5409.772453
-200.0,200,5422.443983
-124.0,124,5430.454734
-200.0,200,5442.713417
-200.0,200,5455.402781
-157.0,157,5465.106102
-200.0,200,5477.732733
-143.0,143,5487.164001
-200.0,200,5498.778766
-200.0,200,5511.272377
-200.0,200,5523.901487
-200.0,200,5536.443183
-199.0,199,5548.527288
-200.0,200,5560.886556
-200.0,200,5573.678076
-200.0,200,5586.510472
-168.0,168,5597.346274
-200.0,200,5609.734195
-200.0,200,5622.487473
-200.0,200,5635.603599
-179.0,179,5646.595399
-200.0,200,5659.268028
-196.0,196,5671.777821
-200.0,200,5684.552858
-174.0,174,5695.404555
-200.0,200,5708.369893
-200.0,200,5720.71626
-200.0,200,5733.587713
-172.0,172,5743.865249
-200.0,200,5756.346414
-172.0,172,5767.082984
-200.0,200,5779.213282
-158.0,158,5789.247068
-200.0,200,5802.541109
-200.0,200,5814.720875
-200.0,200,5826.875603
-200.0,200,5839.016482
-200.0,200,5851.594302
-200.0,200,5864.748351
-200.0,200,5877.397688
-200.0,200,5889.236975
-200.0,200,5901.523486
-200.0,200,5914.68381
-200.0,200,5927.284299
-200.0,200,5939.810037
-200.0,200,5953.541978
-200.0,200,5965.259563
-200.0,200,5978.263515
-200.0,200,5991.608284
-200.0,200,6004.714948
-200.0,200,6017.76894
-200.0,200,6029.982095
-200.0,200,6042.223179
-200.0,200,6054.39442
-200.0,200,6066.952393
-200.0,200,6079.724331
-200.0,200,6091.637081
-200.0,200,6104.313962
-200.0,200,6117.293309
-200.0,200,6129.738165
-200.0,200,6142.040054
-200.0,200,6154.931935
-200.0,200,6168.390778
-200.0,200,6180.171118
-200.0,200,6193.424433
-200.0,200,6205.971018
-200.0,200,6219.26435
-200.0,200,6231.932212
-200.0,200,6245.028613
-200.0,200,6257.540938
-200.0,200,6270.025321
-200.0,200,6282.584904
-200.0,200,6294.667636
-200.0,200,6307.434063
-200.0,200,6320.396181
-200.0,200,6333.72039
-200.0,200,6345.901555
-200.0,200,6359.433011
-200.0,200,6373.172184
-200.0,200,6386.678338
-200.0,200,6398.590512
-162.0,162,6407.715549
-200.0,200,6419.806378
-200.0,200,6432.086154
-114.0,114,6439.163769
-200.0,200,6450.865857
-109.0,109,6457.906008
-200.0,200,6470.613582
-200.0,200,6483.103988
-160.0,160,6493.27555
-200.0,200,6505.855669
-200.0,200,6518.373895
-200.0,200,6530.91367
-200.0,200,6544.282704
-175.0,175,6554.764033
-200.0,200,6567.769001
-178.0,178,6578.800375
-200.0,200,6592.166358
-200.0,200,6605.286707
-183.0,183,6616.475364
-87.0,87,6621.957906
-200.0,200,6634.656042
-200.0,200,6647.425891
-200.0,200,6659.761025
-200.0,200,6672.472629
-200.0,200,6685.203089
-200.0,200,6697.143806
-200.0,200,6709.476271
-200.0,200,6721.436185
-200.0,200,6733.305704
-200.0,200,6745.938576
-200.0,200,6758.196401
-200.0,200,6770.714677
-200.0,200,6783.664469
-200.0,200,6796.713267
-200.0,200,6808.706179
-200.0,200,6821.575556
-200.0,200,6834.312825
-200.0,200,6846.831314
-200.0,200,6859.5824
-200.0,200,6872.426718
-200.0,200,6885.475222
-200.0,200,6897.533778
-200.0,200,6910.633868
-200.0,200,6923.110342
-200.0,200,6935.506154
-200.0,200,6948.399201
-200.0,200,6960.879059
-200.0,200,6973.919447
-200.0,200,6986.577204
-200.0,200,6999.266932
-200.0,200,7011.992626
-200.0,200,7025.059389
-200.0,200,7037.608916
-200.0,200,7050.251963
-200.0,200,7063.763906
-200.0,200,7076.230807
-200.0,200,7088.199294
-200.0,200,7100.802517
-200.0,200,7113.627952
-200.0,200,7125.72891
-200.0,200,7137.963092
-147.0,147,7147.512289
-200.0,200,7159.621271
-200.0,200,7172.29618
-194.0,194,7184.852477
-200.0,200,7197.695087
-200.0,200,7210.801666
-200.0,200,7223.74064
-200.0,200,7235.936031
-200.0,200,7248.362285
-200.0,200,7261.037725
-200.0,200,7273.921022
-124.0,124,7281.596521
-200.0,200,7294.091423
-200.0,200,7306.709447
-200.0,200,7318.989013
-129.0,129,7326.638377
-200.0,200,7339.69376
-200.0,200,7352.324656
-200.0,200,7364.399703
-190.0,190,7376.096791
-200.0,200,7388.528086
-200.0,200,7401.540138
-200.0,200,7413.261513
-200.0,200,7426.185913
-200.0,200,7439.242182
-185.0,185,7450.789695
-165.0,165,7460.677708
-200.0,200,7471.784922
-200.0,200,7484.616568
-129.0,129,7493.357963
-118.0,118,7501.569577
-200.0,200,7514.222992
-200.0,200,7527.093379
-200.0,200,7539.795585
-131.0,131,7547.990127
-107.0,107,7554.969388
-200.0,200,7568.099138
-200.0,200,7581.042299
-200.0,200,7594.088933
-122.0,122,7601.527807
-145.0,145,7610.820115
-104.0,104,7617.363877
-164.0,164,7628.304794
-200.0,200,7641.140477
-200.0,200,7653.965996
-200.0,200,7667.043645
-153.0,153,7675.926168
-94.0,94,7682.146843
-126.0,126,7690.18489
-136.0,136,7697.966023
-163.0,163,7708.521532
-200.0,200,7721.513405
-106.0,106,7728.383089
-165.0,165,7738.376572
-158.0,158,7747.673694
-200.0,200,7759.823518
-139.0,139,7768.342811
-152.0,152,7778.208517
-200.0,200,7790.245274
-105.0,105,7796.360579
-200.0,200,7808.348978
-200.0,200,7821.762511
-143.0,143,7829.87834
-103.0,103,7836.395516
-200.0,200,7849.303478
-163.0,163,7859.74601
-126.0,126,7867.380998
-194.0,194,7879.493307
-113.0,113,7886.474225
-200.0,200,7898.087112
-186.0,186,7909.813322
-185.0,185,7920.675676
-200.0,200,7933.511106
-200.0,200,7946.553581
-200.0,200,7959.357003
-200.0,200,7972.684759
-187.0,187,7984.715535
-200.0,200,7996.283691
-200.0,200,8009.258502
-139.0,139,8017.463105
-197.0,197,8029.681304
-138.0,138,8038.057615
-200.0,200,8050.267068
-130.0,130,8058.101004
-147.0,147,8067.128479
-164.0,164,8077.149782
-117.0,117,8085.099857
-200.0,200,8097.743929
-138.0,138,8105.853641
-136.0,136,8115.032342
-141.0,141,8124.265462
-133.0,133,8132.899769
-200.0,200,8145.516347
-173.0,173,8156.390473
-138.0,138,8165.212132
-200.0,200,8177.861725
-116.0,116,8185.299489
-200.0,200,8197.606742
-132.0,132,8205.608393
-200.0,200,8218.334181
-200.0,200,8231.287066
-200.0,200,8243.598393
-165.0,165,8254.335999
-200.0,200,8267.195933
-200.0,200,8279.395898
-200.0,200,8292.433435
-200.0,200,8305.200694
-200.0,200,8317.982742
-144.0,144,8326.813184
-200.0,200,8339.342695
-200.0,200,8352.485385
-134.0,134,8360.835374
-200.0,200,8373.247847
-157.0,157,8383.303558
-200.0,200,8395.59186
-175.0,175,8406.340335
-190.0,190,8419.101422
-200.0,200,8431.890455
-200.0,200,8444.735811
-200.0,200,8457.326241
-200.0,200,8470.033617
-200.0,200,8482.931623
-200.0,200,8495.857606
-200.0,200,8507.935408
-200.0,200,8519.488115
-200.0,200,8532.889162
-200.0,200,8546.038803
-200.0,200,8557.568392
-200.0,200,8569.808101
-200.0,200,8583.17451
-200.0,200,8595.541801
-200.0,200,8608.052068
-97.0,97,8614.029535
-200.0,200,8627.253671
-91.0,91,8633.04261
-108.0,108,8639.927146
-200.0,200,8653.24188
-200.0,200,8666.862431
-200.0,200,8679.787902
-200.0,200,8692.088321
-200.0,200,8704.9174
-132.0,132,8713.232438
-134.0,134,8721.678543
-200.0,200,8733.960473
-200.0,200,8747.083376
-140.0,140,8755.72962
-124.0,124,8763.717421
-200.0,200,8776.970594
-200.0,200,8790.040408
-200.0,200,8802.781879
-200.0,200,8815.470841
-200.0,200,8828.889493
-200.0,200,8841.542536
-196.0,196,8854.614533
-200.0,200,8866.380554
-181.0,181,8877.83879
-200.0,200,8890.024536
-200.0,200,8903.575887
-200.0,200,8916.787742
-200.0,200,8929.55647
-200.0,200,8942.524024
-146.0,146,8951.837088
-128.0,128,8959.351824
-200.0,200,8972.469846
-124.0,124,8980.253524
-108.0,108,8987.424452
-200.0,200,8999.724432
-105.0,105,9006.375366
-126.0,126,9014.251065
-200.0,200,9027.289464
-161.0,161,9038.037637
-147.0,147,9047.055619
-200.0,200,9059.544392
-200.0,200,9071.660351
-132.0,132,9080.172102
-121.0,121,9088.035659
-200.0,200,9101.263584
-200.0,200,9114.394804
-182.0,182,9126.022302
-119.0,119,9133.087407
-155.0,155,9142.386692
-200.0,200,9154.804838
-184.0,184,9166.693775
-169.0,169,9177.249494
-200.0,200,9190.135775
-200.0,200,9202.708427
-200.0,200,9215.106815
-200.0,200,9228.133425
-200.0,200,9241.331184
-200.0,200,9253.633723
-200.0,200,9265.335239
-200.0,200,9278.179631
-200.0,200,9289.835749
-200.0,200,9302.011777
-178.0,178,9313.145998
-200.0,200,9326.047923
-200.0,200,9338.291284
-200.0,200,9351.13881
-200.0,200,9364.228127
-200.0,200,9376.703128
-200.0,200,9389.961179
-200.0,200,9402.28802
-200.0,200,9415.549074
-200.0,200,9428.037541
-200.0,200,9440.350497
-200.0,200,9453.389754
-200.0,200,9466.611599
-200.0,200,9480.331377
-200.0,200,9492.481896
-200.0,200,9504.52376
-200.0,200,9516.895995
-200.0,200,9530.202001
-200.0,200,9543.93743
-200.0,200,9556.705743
-200.0,200,9569.31771
-200.0,200,9581.969892
-200.0,200,9595.01717
-187.0,187,9607.274408
-200.0,200,9619.738701
-200.0,200,9632.826415
-200.0,200,9645.460117
-200.0,200,9657.844286
-200.0,200,9671.477318
-200.0,200,9684.416843
-200.0,200,9697.15905
-197.0,197,9709.410349
-200.0,200,9722.445489
-200.0,200,9734.532044
-200.0,200,9746.920067
-200.0,200,9759.092031
-85.0,85,9764.765523
-174.0,174,9775.772135
-200.0,200,9788.555489
-110.0,110,9795.435501
-200.0,200,9806.781576
-200.0,200,9819.053632
-109.0,109,9826.113586
-200.0,200,9838.509167
-200.0,200,9850.645081
-200.0,200,9863.660148
-200.0,200,9876.38506
-200.0,200,9889.41047
-94.0,94,9895.395556
-200.0,200,9907.076258
-200.0,200,9919.849708
-200.0,200,9932.515314
-200.0,200,9945.180251
-200.0,200,9958.11909
-200.0,200,9971.108298
-199.0,199,9983.183599
-200.0,200,9995.532865
-200.0,200,10007.418329
-123.0,123,10014.68943
-200.0,200,10026.625023
-118.0,118,10034.398621
-200.0,200,10046.473548
-200.0,200,10060.288391
-200.0,200,10073.638689
-200.0,200,10086.482042
-200.0,200,10098.651748
-137.0,137,10106.970989
-128.0,128,10114.213678
-200.0,200,10126.62721
-200.0,200,10139.299541
-127.0,127,10147.568977
-150.0,150,10157.013177
-162.0,162,10167.783448
-140.0,140,10176.820081
-200.0,200,10189.353472
-200.0,200,10202.260813
-115.0,115,10209.85656
-200.0,200,10222.978777
-177.0,177,10232.934741
-183.0,183,10245.168972
-128.0,128,10253.300764
-103.0,103,10260.112812
-122.0,122,10267.112977
-200.0,200,10279.779177
-200.0,200,10292.430526
-192.0,192,10304.285481
-127.0,127,10312.532248
-200.0,200,10325.565248
-189.0,189,10337.533344
-155.0,155,10347.498557
-200.0,200,10360.376846
-200.0,200,10373.781831
-131.0,131,10382.140134
-200.0,200,10394.471798
-135.0,135,10402.846774
-200.0,200,10415.136318
-126.0,126,10423.328912
-126.0,126,10431.029242
-200.0,200,10444.411187
-140.0,140,10452.850874
-135.0,135,10461.533794
-200.0,200,10473.255712
-200.0,200,10485.856449
-200.0,200,10498.895903
-200.0,200,10510.912198
-155.0,155,10521.076733
-200.0,200,10534.321532
-200.0,200,10546.776823
-158.0,158,10557.07459
-200.0,200,10569.501021
-200.0,200,10581.77285
-169.0,169,10592.880812
-200.0,200,10605.19327
-200.0,200,10617.872521
-145.0,145,10627.019657
-200.0,200,10639.70165
-200.0,200,10651.750138
-200.0,200,10665.287833
-200.0,200,10678.422045
-200.0,200,10690.92183
-200.0,200,10703.907917
-200.0,200,10716.340387
-200.0,200,10728.814846
-200.0,200,10741.106649
-200.0,200,10753.760471
-200.0,200,10766.918373
-200.0,200,10779.30529
-200.0,200,10792.43469
-200.0,200,10805.527479
-200.0,200,10818.597289
-200.0,200,10831.272742
-200.0,200,10844.015478
-200.0,200,10856.736166
-200.0,200,10869.67183
-200.0,200,10882.010129
-200.0,200,10894.874116
-200.0,200,10907.244796
-200.0,200,10919.409908
-200.0,200,10932.521814
-200.0,200,10945.676889
-200.0,200,10958.147919
-200.0,200,10971.326776
-200.0,200,10983.760004
-200.0,200,10995.872057
-200.0,200,11008.56487
-200.0,200,11020.756104
-200.0,200,11033.140585
-200.0,200,11045.497584
-200.0,200,11058.731151
-200.0,200,11071.519726
-200.0,200,11083.859767
-200.0,200,11096.594992
-200.0,200,11109.062191
-200.0,200,11121.233354
-172.0,172,11133.039806
-200.0,200,11145.441562
-200.0,200,11157.850208
-200.0,200,11170.640528
-153.0,153,11180.339437
-188.0,188,11191.073225
-200.0,200,11204.11601
-200.0,200,11217.022945
-200.0,200,11229.457953
-200.0,200,11242.408253
-200.0,200,11254.53381
-125.0,125,11262.433204
-200.0,200,11274.934826
-200.0,200,11287.816993
-200.0,200,11300.956208
-200.0,200,11313.39411
-198.0,198,11326.054771
-146.0,146,11335.511552
-200.0,200,11347.177262
-200.0,200,11359.280622
-200.0,200,11372.031047
-181.0,181,11383.711237
-200.0,200,11396.047022
-200.0,200,11408.194105
-146.0,146,11417.648616
-200.0,200,11430.517934
-192.0,192,11442.309108
-200.0,200,11455.894648
-200.0,200,11467.894121
-168.0,168,11478.172035
-128.0,128,11486.035256
-136.0,136,11494.598071
-200.0,200,11507.322506
-200.0,200,11519.510317
-175.0,175,11530.632537
-200.0,200,11542.922863
-200.0,200,11555.147453
-94.0,94,11560.973759
-200.0,200,11573.628628
-200.0,200,11586.427242
-200.0,200,11598.325339
-200.0,200,11610.752103
-200.0,200,11623.214828
-200.0,200,11636.234824
-200.0,200,11648.648668
-156.0,156,11658.884314
-200.0,200,11671.320211
-200.0,200,11684.385047
-200.0,200,11696.407087
-200.0,200,11709.535585
-200.0,200,11721.5343
-200.0,200,11734.334524
-200.0,200,11747.310685
-200.0,200,11760.223831
-200.0,200,11772.711529
-200.0,200,11784.5637
-200.0,200,11797.367574
-200.0,200,11810.666108
-200.0,200,11823.507081
-200.0,200,11835.730378
-200.0,200,11848.175988
-200.0,200,11861.075404
-200.0,200,11873.457916
-200.0,200,11886.69362
-200.0,200,11899.393867
-200.0,200,11912.440837
-200.0,200,11925.373515
-200.0,200,11937.701715
-200.0,200,11950.506041
-200.0,200,11963.738019
-200.0,200,11976.41598
-200.0,200,11989.732019
-200.0,200,12002.71901
-200.0,200,12015.053069
-200.0,200,12027.399423
-200.0,200,12040.654625
-162.0,162,12051.120858
-159.0,159,12061.239113
-117.0,117,12068.179799
-200.0,200,12080.888709
-178.0,178,12091.837657
-127.0,127,12099.883018
-156.0,156,12109.140001
-200.0,200,12121.892277
-200.0,200,12134.59924
-200.0,200,12146.208819
-146.0,146,12154.288659
-169.0,169,12164.08295
-133.0,133,12172.15062
-189.0,189,12184.607716
-128.0,128,12192.900194
-111.0,111,12200.206186
-200.0,200,12212.939366
-190.0,190,12225.24821
-120.0,120,12232.801195
-179.0,179,12243.758155
-177.0,177,12254.826139
-192.0,192,12267.039055
-164.0,164,12277.056258
-200.0,200,12289.553694
-150.0,150,12299.45017
-200.0,200,12311.61412
-200.0,200,12323.54749
-169.0,169,12333.664188
-106.0,106,12340.165337
-182.0,182,12351.429414
-90.0,90,12356.491826
-165.0,165,12367.896317
-179.0,179,12379.47564
-200.0,200,12391.735013
-165.0,165,12401.664168
-200.0,200,12413.39446
-200.0,200,12426.290936
-200.0,200,12438.860869
-170.0,170,12449.478865
-200.0,200,12462.110794
-89.0,89,12467.833158
-154.0,154,12477.294208
-157.0,157,12487.080251
-200.0,200,12499.888758
-171.0,171,12510.912233
-200.0,200,12522.52596
-89.0,89,12527.865585
-87.0,87,12533.033713
-88.0,88,12538.887443
-200.0,200,12551.185204
-157.0,157,12560.871265
-165.0,165,12571.417282
-200.0,200,12583.571036
-200.0,200,12596.235259
-172.0,172,12606.672979
-200.0,200,12618.509388
-200.0,200,12631.204239
-200.0,200,12644.400096
-200.0,200,12657.650889
-200.0,200,12670.39292
-200.0,200,12682.234974
-86.0,86,12687.812343
-164.0,164,12698.481885
-172.0,172,12709.53246
-163.0,163,12719.534524
-200.0,200,12731.594485
-157.0,157,12741.929952
-153.0,153,12751.213671
-171.0,171,12762.313739
-167.0,167,12772.458057
-200.0,200,12784.797665
-92.0,92,12790.993235
-154.0,154,12800.554189
-188.0,188,12813.229692
-93.0,93,12819.565536
-200.0,200,12832.210431
-200.0,200,12845.201609
-200.0,200,12857.667772
-200.0,200,12870.071904
-170.0,170,12880.570603
-200.0,200,12892.959242
-200.0,200,12905.709802
-200.0,200,12918.672006
-184.0,184,12930.011596
-152.0,152,12939.70092
-132.0,132,12948.209447
-109.0,109,12955.551909
-106.0,106,12962.050254
-154.0,154,12972.235353
-91.0,91,12978.339917
-200.0,200,12991.415264
-167.0,167,13002.220311
-119.0,119,13009.602322
-200.0,200,13022.611472
-200.0,200,13035.975648
-92.0,92,13041.639678
-147.0,147,13050.186211
-200.0,200,13063.280515
-200.0,200,13076.002772
-174.0,174,13087.515968
-200.0,200,13100.284592
-128.0,128,13108.416191
-200.0,200,13120.455395
-200.0,200,13133.506701
-171.0,171,13144.634586
-196.0,196,13156.610738
-200.0,200,13168.897278
-129.0,129,13177.116603
-200.0,200,13190.338098
-128.0,128,13198.609284
-167.0,167,13209.497158
-200.0,200,13222.551371
-159.0,159,13232.395999
-181.0,181,13243.935207
-200.0,200,13257.119876
-125.0,125,13265.13071
-112.0,112,13272.696341
-121.0,121,13280.458459
-127.0,127,13288.31654
-200.0,200,13301.429642
-119.0,119,13308.851222
-135.0,135,13317.508062
-182.0,182,13329.010229
-119.0,119,13336.599759
-200.0,200,13348.949102
-171.0,171,13360.155295
-200.0,200,13372.464513
-152.0,152,13382.217593
-200.0,200,13395.306402
-175.0,175,13406.417662
-183.0,183,13417.742669
-200.0,200,13430.526762
-200.0,200,13442.627419
-115.0,115,13449.983275
-187.0,187,13461.579858
-200.0,200,13473.745928
-200.0,200,13486.216682
-144.0,144,13495.616765
-200.0,200,13508.842407
-188.0,188,13521.432319
-141.0,141,13530.735146
-170.0,170,13542.186279
-164.0,164,13552.059026
-157.0,157,13561.953696
-200.0,200,13574.9974
-200.0,200,13587.738536
-165.0,165,13597.824457
-200.0,200,13610.124285
-200.0,200,13622.606723
-167.0,167,13633.057853
-200.0,200,13645.903711
-200.0,200,13658.861805
-200.0,200,13671.131595
-159.0,159,13681.170996
-162.0,162,13691.58724
-160.0,160,13701.634566
-168.0,168,13712.452307
-200.0,200,13724.52793
-170.0,170,13735.21641
-200.0,200,13748.027148
-200.0,200,13761.493863
-200.0,200,13774.831131
-200.0,200,13787.728407
-167.0,167,13797.913544
-200.0,200,13811.031009
-200.0,200,13823.139281
-200.0,200,13835.161717
-200.0,200,13848.029622
-200.0,200,13861.0126
-200.0,200,13873.732019
-175.0,175,13885.09061
-200.0,200,13897.391873
-200.0,200,13909.949169
-200.0,200,13922.90238
-160.0,160,13933.008902
-200.0,200,13945.938735
-200.0,200,13958.35758
-200.0,200,13970.734308
-200.0,200,13983.701198
-200.0,200,13996.389203
-200.0,200,14009.760438
-200.0,200,14022.168053
-200.0,200,14035.226142
-200.0,200,14047.309011
-200.0,200,14059.121162
-200.0,200,14071.768633
-200.0,200,14084.72384
-200.0,200,14097.231077
-200.0,200,14109.103973
-200.0,200,14121.764151
-159.0,159,14131.889958
-200.0,200,14144.259751
-200.0,200,14157.246178
-200.0,200,14169.721765
-200.0,200,14183.235696
-200.0,200,14196.4452
-200.0,200,14209.348192
-200.0,200,14222.71403
-200.0,200,14235.520197
-165.0,165,14246.505704
-171.0,171,14257.143158
-165.0,165,14268.004589
-200.0,200,14280.412385
-164.0,164,14291.180591
-200.0,200,14303.261429
-200.0,200,14316.899023
-200.0,200,14329.668492
-200.0,200,14342.749002
-200.0,200,14355.356246
-200.0,200,14367.580825
-200.0,200,14380.615089
-200.0,200,14393.795112
-169.0,169,14404.931138
-200.0,200,14418.056369
-200.0,200,14430.594253
-184.0,184,14442.244101
-149.0,149,14451.828059
-144.0,144,14461.231513
-160.0,160,14471.656888
-124.0,124,14479.670142
-170.0,170,14490.547038
-147.0,147,14499.906747
-147.0,147,14509.420112
-158.0,158,14519.882746
-146.0,146,14529.209736
-155.0,155,14539.0721
-140.0,140,14548.147392
-153.0,153,14557.274057
-156.0,156,14567.320021
-138.0,138,14576.015046
-143.0,143,14585.558645
-155.0,155,14594.636386
-165.0,165,14605.198059
-156.0,156,14615.584124
-154.0,154,14624.806214
-147.0,147,14633.890326
-186.0,186,14644.606726
-193.0,193,14657.262944
-160.0,160,14667.312283
-114.0,114,14674.663843
-154.0,154,14684.918978
-162.0,162,14695.21573
-152.0,152,14704.693794
-197.0,197,14717.407766
-144.0,144,14726.675958
-200.0,200,14738.990635
-150.0,150,14748.003818
-183.0,183,14759.937253
-171.0,171,14770.738204
-138.0,138,14779.226628
-149.0,149,14788.842404
-200.0,200,14802.32449
-154.0,154,14811.968642
-151.0,151,14821.449556
-200.0,200,14834.534807
-154.0,154,14844.293713
-200.0,200,14857.37549
-128.0,128,14865.989356
-143.0,143,14874.856815
-200.0,200,14886.820139
-189.0,189,14898.521002
-153.0,153,14907.664981
-200.0,200,14920.105954
-200.0,200,14933.119252
-200.0,200,14944.899401
-179.0,179,14955.707301
-200.0,200,14968.479482
-168.0,168,14979.37028
-200.0,200,14991.114628
-145.0,145,15000.358977
-200.0,200,15013.41826
-165.0,165,15023.94612
-172.0,172,15034.428317
-200.0,200,15046.793029
-134.0,134,15055.155997
-149.0,149,15064.815503
-200.0,200,15077.746677
-200.0,200,15091.008888
-200.0,200,15104.048784
-200.0,200,15116.272039
-200.0,200,15129.317308
-200.0,200,15141.680017
-200.0,200,15154.90126
-200.0,200,15167.583231
-200.0,200,15180.326068
-200.0,200,15192.656531
-200.0,200,15205.704328
-200.0,200,15218.036875
-200.0,200,15231.02305
-200.0,200,15243.288819
-200.0,200,15255.894012
-200.0,200,15268.577422
-200.0,200,15280.859535
-200.0,200,15293.211257
-200.0,200,15305.368843
-200.0,200,15318.497759
-200.0,200,15331.108217
-200.0,200,15343.947828
-200.0,200,15355.811954
-200.0,200,15368.210738
-200.0,200,15380.656655
-200.0,200,15391.777612
-200.0,200,15404.327089
-200.0,200,15416.488654
-200.0,200,15429.088179
-200.0,200,15441.222006
-200.0,200,15453.619788
-200.0,200,15466.260178
-200.0,200,15478.487188
-200.0,200,15490.893414
-200.0,200,15503.729981
-200.0,200,15516.424008
-200.0,200,15529.703248
-200.0,200,15542.837584
-200.0,200,15556.16813
-200.0,200,15568.755259
-200.0,200,15581.378037
-200.0,200,15593.714144
-200.0,200,15607.314838
-200.0,200,15620.298553
-200.0,200,15633.025618
-200.0,200,15646.505658
-200.0,200,15659.462581
-200.0,200,15672.771229
-200.0,200,15686.043578
-200.0,200,15699.693249
-200.0,200,15711.248632
-200.0,200,15723.266361
-200.0,200,15734.674017
-200.0,200,15746.967247
-200.0,200,15760.060581
-200.0,200,15773.069421
-200.0,200,15786.422206
-200.0,200,15799.8017
-200.0,200,15812.770011
-200.0,200,15825.745771
-200.0,200,15838.400834
-200.0,200,15851.107448
-200.0,200,15864.005856
-200.0,200,15875.983887
-200.0,200,15888.471235
-200.0,200,15900.770956
-200.0,200,15912.96257
-200.0,200,15926.57368
-200.0,200,15939.42059
-200.0,200,15952.00904
-200.0,200,15964.120625
-200.0,200,15976.658324
-200.0,200,15988.924262
-200.0,200,16001.283963
-200.0,200,16014.553651
-182.0,182,16026.102695
-200.0,200,16038.537469
-200.0,200,16050.228215
-200.0,200,16063.181501
-200.0,200,16075.676267
-200.0,200,16088.39097
-200.0,200,16101.271898
-200.0,200,16113.889604
-200.0,200,16127.322454
-200.0,200,16139.611619
-170.0,170,16150.447936
-182.0,182,16161.627433
-200.0,200,16173.381243
-133.0,133,16181.708343
-162.0,162,16192.21552
-153.0,153,16201.402279
-92.0,92,16206.831536
-147.0,147,16216.222363
-200.0,200,16229.472958
-200.0,200,16242.491815
-200.0,200,16255.485919
-200.0,200,16268.511078
-174.0,174,16279.773579
-164.0,164,16289.873329
-176.0,176,16301.238251
-200.0,200,16314.474811
-200.0,200,16327.225552
-200.0,200,16338.964581
-123.0,123,16346.969878
-200.0,200,16360.031426
-200.0,200,16372.056903
-171.0,171,16382.072049
-200.0,200,16395.08739
-200.0,200,16406.918532
-200.0,200,16419.623148
-200.0,200,16432.126032
-200.0,200,16444.412645
-155.0,155,16454.171247
-200.0,200,16467.475388
-200.0,200,16480.562795
-200.0,200,16492.960606
-180.0,180,16504.078811
-153.0,153,16513.376782
-141.0,141,16522.393763
-200.0,200,16534.783206
-200.0,200,16547.492275
-174.0,174,16558.078546
-178.0,178,16569.35109
-200.0,200,16581.673694
-200.0,200,16594.81883
-162.0,162,16605.109959
-200.0,200,16618.215168
-152.0,152,16628.396547
-200.0,200,16640.956172
-175.0,175,16652.442382
-200.0,200,16665.195009
-200.0,200,16677.429841
-110.0,110,16684.193472
-200.0,200,16697.348101
-200.0,200,16710.007807
-200.0,200,16722.610039
-200.0,200,16734.566525
-200.0,200,16747.926224
-196.0,196,16759.930833
-200.0,200,16772.990224
-200.0,200,16785.875794
-151.0,151,16794.928692
-198.0,198,16807.732913
-200.0,200,16820.882318
-200.0,200,16834.050864
-200.0,200,16846.579829
-200.0,200,16859.119958
-200.0,200,16871.960895
-200.0,200,16884.601265
-200.0,200,16897.627678
-200.0,200,16910.592622
-200.0,200,16923.491295
-200.0,200,16935.542521
-200.0,200,16948.311358
-200.0,200,16961.286767
-200.0,200,16973.553151
-200.0,200,16986.449922
-200.0,200,16999.110676
-200.0,200,17011.73656
-200.0,200,17023.520724
-200.0,200,17035.480824
-200.0,200,17047.759283
-200.0,200,17059.652573
-200.0,200,17072.250515
-200.0,200,17085.163679
-200.0,200,17098.423289
-200.0,200,17111.724683
-200.0,200,17124.913916
-200.0,200,17137.575983
-200.0,200,17150.08606
-200.0,200,17161.70581
-146.0,146,17170.746416
-200.0,200,17183.785934
-200.0,200,17196.455314
-200.0,200,17208.961379
-200.0,200,17221.542444
-200.0,200,17232.955026
-200.0,200,17245.491733
-200.0,200,17258.460846
-200.0,200,17271.752537
-200.0,200,17285.035426
-200.0,200,17296.45419
-200.0,200,17308.241992
-200.0,200,17320.099158
-200.0,200,17332.92755
-200.0,200,17345.812085
-200.0,200,17358.915673
-200.0,200,17371.860749
-200.0,200,17384.961523
-200.0,200,17397.673006
-200.0,200,17410.002106
-200.0,200,17423.791548
-200.0,200,17437.0942
-200.0,200,17450.265702
-200.0,200,17462.519826
-200.0,200,17474.711747
-200.0,200,17487.460799
-200.0,200,17499.820381
-191.0,191,17511.739444
-200.0,200,17523.927741
-200.0,200,17536.309891
-200.0,200,17548.986175
-200.0,200,17561.644649
-200.0,200,17574.265866
-200.0,200,17586.336431
-196.0,196,17597.936866
-200.0,200,17609.665955
-200.0,200,17621.282091
-200.0,200,17633.719908
-200.0,200,17646.752484
-200.0,200,17659.623984
-200.0,200,17672.710146
-200.0,200,17685.007815
-200.0,200,17697.876876
-140.0,140,17706.445707
-200.0,200,17718.955988
-200.0,200,17731.264293
-200.0,200,17744.025307
-200.0,200,17756.811276
-200.0,200,17769.215464
-200.0,200,17781.130601
-200.0,200,17793.581749
-200.0,200,17806.100691
-200.0,200,17819.427156
-200.0,200,17831.890855
-200.0,200,17844.145284
-200.0,200,17857.40819
-200.0,200,17869.67409
-200.0,200,17881.563476
-200.0,200,17894.087259
-200.0,200,17907.012097
-200.0,200,17918.817856
-200.0,200,17932.125094
-200.0,200,17944.921675
-200.0,200,17957.190225
-200.0,200,17969.837291
-167.0,167,17979.29515
-198.0,198,17991.460364
-200.0,200,18003.547091
-200.0,200,18015.823965
-200.0,200,18028.956558
-200.0,200,18041.577278
-200.0,200,18054.150675
-200.0,200,18067.109738
-151.0,151,18076.753127
-200.0,200,18089.63583
-198.0,198,18102.452397
-200.0,200,18115.481372
-200.0,200,18128.216971
-200.0,200,18139.867557
-200.0,200,18152.848016
-200.0,200,18165.475258
-200.0,200,18178.618287
-200.0,200,18191.08678
-200.0,200,18203.307922
-200.0,200,18216.810612
-200.0,200,18227.445305
-200.0,200,18238.970686
-200.0,200,18249.635956
-200.0,200,18259.997402
-200.0,200,18269.798384
-200.0,200,18281.210434
-200.0,200,18293.796509
-200.0,200,18306.268429
-179.0,179,18317.602472
-200.0,200,18330.41812
-200.0,200,18343.339873
-200.0,200,18356.231963
-200.0,200,18368.901608
-200.0,200,18381.779214
-200.0,200,18395.270153
-200.0,200,18408.009373
-200.0,200,18420.968606
-200.0,200,18432.80266
-200.0,200,18445.500632
-200.0,200,18458.322205
-200.0,200,18470.735288
-200.0,200,18484.284148
-171.0,171,18495.17333
-200.0,200,18508.156474
-200.0,200,18520.988824
-200.0,200,18533.359539
-200.0,200,18544.591629
-200.0,200,18557.355824
-200.0,200,18570.327027
-200.0,200,18583.152024
-200.0,200,18595.159808
-200.0,200,18607.361233
-200.0,200,18619.94483
-200.0,200,18632.874186
-200.0,200,18644.877529
-200.0,200,18658.068744
-200.0,200,18671.32197
-118.0,118,18678.379456
-123.0,123,18686.220685
-200.0,200,18698.713495
-189.0,189,18710.211992
-200.0,200,18722.84204
-200.0,200,18735.766612
-200.0,200,18748.60971
-200.0,200,18761.648832
-200.0,200,18774.18066
-200.0,200,18787.071192
-200.0,200,18800.068793
-200.0,200,18813.438737
-200.0,200,18825.768775
-160.0,160,18835.918714
-200.0,200,18848.205677
-200.0,200,18860.974037
-200.0,200,18873.484213
-200.0,200,18885.77867
-116.0,116,18891.361594
-112.0,112,18897.169921
-200.0,200,18907.43337
-200.0,200,18916.816472
-200.0,200,18926.098463
-200.0,200,18935.446112
